Matrix for training on tfv1 on Prolab pc with all fine-labels + silence and unknown (order is unknown)
[[2793,0,0,0,0,0,0,0,0,0,1,0,0,0,0,1,0,5,0,1, 5,0,1,0,0,1,0,1,0,34,4,1,0,0]
 [2,0,0,0,0,0,0,0,0,0,0,0,0,0,0,0,0,0,0,0,0,0,0,0,0,0,0,0,0,0,0,0,0,0]
 [6,0,0,1,0,0,0,1,0,0,7,4,0,0,0,0,0,0,0,0,0,0,0,0,0,0,0,0,0,0,0,0,0,1]
 [279,0,0,194,7,8,0,21,0,1,66,68,0,0,0,0,0,0,0,0,0,0,0,0,0,0,0,0,0,0,1,0,0,21]
 [86,0,0,73,19,6,0,20,0,0,76,59,0,0,0,0,0,0,0,0,0,0,0,0,0,0,0,0,0,0,0,0,0,19]
 [51,0,0,30,18,15,0,16,0,0,78,69,0,0,0,0,0,0,0,0,0,0,0,0,0,0,0,0,0,0,1,0,0,10]
 [8,0,0,1,1,0,0,0,0,0,5,2,0,0,0,0,0,0,0,0,0,0,0,0,0,0,0,0,0,0,0,0,0,1]
 [35,0,0,5,4,3,0,433,0,22,65,43,0,0,0,0,0,0,0,0,0,0,0,0,0,7,2,0,0,0,7,0,0,12]
 [6,0,0,0,0,0,0,0,0,0,0,0,0,0,0,0,0,4,0,2,6,0,1,5,1,0,0,0,0,1,0,4,0,0]
 [44,0,0,27,1,0,0,43,0,284,15,22,0,0,0,0,0,7,0,4,15,6,1,5,0,17,0,0,0,14,19,4,0,19]
 [44,0,0,19,10,9,0,72,0,6,230,113,0,0,0,2,0,0,0,1,1,0,0,3,0,4,0,0,0,1,19,0,0,20]
 [22,0,0,8,7,11,0,51,0,2,80,297,0,0,0,1,0,1,0,0,0,1,0,1,0,0,0,0,0,0,4,0,0,19]
 [1,0,0,0,0,0,0,0,0,0,0,0,0,0,0,2,0,0,0,0,1,0,0,3,0,0,0,0,0,0,0,0,0,0]
 [1,0,0,0,0,0,0,0,0,0,0,0,0,0,0,0,0,0,0,0,0,0,0,1,0,0,0,0,0,0,0,0,0,0]
 [4,0,0,0,0,0,0,0,0,0,0,0,0,0,0,0,0,0,0,0,0,1,0,1,0,0,0,1,0,0,1,1,0,0]
 [20,0,0,0,0,0,0,0,0,0,0,0,0,0,0,54,0,19,0,1,23,9,2,15,0,5,1,19,0,7,1,11,0,0]
 [0,0,0,0,0,0,0,0,0,0,0,0,0,0,0,2,0,0,0,0,0,0,0,2,0,0,0,0,0,0,0,1,0,0]
 [7,0,0,0,0,0,0,1,0,5,0,0,0,0,0,14,0,210,0,31,63,45,22,30,1,36,0,7,1,28,1,18,0,0]
 [11,0,0,0,0,0,0,0,0,0,0,0,0,0,0,0,0,2,0,0,0,0,0,0,0,0,0,3,0,1,0,0,0,0]
 [11,0,0,0,0,0,0,0,0,8,0,0,0,0,0,0,0,33,0,127,64,129,48,29,6,69,7,8,0,55,8,18,0,0]
 [11,0,0,0,0,0,0,0,0,12,0,0,0,0,0,0,0,24,0,51,331,42,30,24,5,60,2,6,0,13,1,18,0,0]
 [10,0,0,0,0,0,0,0,0,6,0,0,0,0,0,1,0,26,0,87,25,225,47,12,6,72,6,8,0,89,2,17,0,0]
 [3,0,0,0,0,0,0,0,0,6,0,0,0,0,0,0,0,16,0,65,34,65,170,51,1,63,8,10,0,20,1,14,0,0]
 [3,0,0,0,0,0,0,0,0,1,0,0,0,0,0,0,0,34,0,19,53,27,20,206,1,45,11,21,0,19,0,14,0,0]
 [3,0,0,0,0,0,0,0,0,4,0,0,0,0,0,3,0,24,0,32,94,56,36,23,18,35,4,4,0,40,4,33,0,0]
 [18,0,0,0,0,0,0,30,0,42,9,3,0,0,0,2,0,20,0,36,54,42,54,44,1,175,4,10,0,1,40, 11,0,13]
 [6,0,0,0,0,0,0,0,0,0,0,0,0,0,0,2,0,10,0,19,15,15,15,21,1,17,96,15,0,1,0,7,0,0]
 [90,0,0,0,0,0,0,0,0,5,0,0,0,0,0,3,0,23,0,37,35,47,46,34,1,38,15,55,0,26,4,20,0,1]
 [70,0,0,0,0,1,0,0,0,0,0,5,0,0,0,1,0,7,0,1,3,2,0,7,0,3,0,8,2,6,0,4,0,2]
 [14,0,0,0,0,0,0,0,0,4,0,0,0,0,0,1,0,20,0,11,12,27,1,10,0,5,1,1,0,491,3,11,0,0]
 [69,0,0,9,1,3,0,15,0,52,23,27,0,0,0,1,0,9,0,4,2,5,4,3,0,25,0,2,0,5,283,3,0,20]
 [19,0,0,0,0,0,0,0,0,2,0,0,0,0,0,4,0,44,0,42,95,49,43,24,8,32,0,5,0,47,2,90,0,0]
 [0,0,0,0,0,0,0,0,0,0,0,0,0,0,0,0,0,3,0,0,0,0,0,0,0,0,0,0,0,0,0,0,0,0]
 [126,0,0,45,7,10,0,35,0,10,68,92,0,0,0,5,0,3,0,0,2,1,0,1,1,5,0,4,0,0,12,1,0,150]]


Matrix for training on tfv1 on Prolab pc with fine-labels where nr of files is more than 1k + silence and unknown (order is unknown)
2640,0,4,0,0,5,0,0,4,1,1,7,5,0,1,0,0,3,0,3,96,15,3,1
114,3,8,1,1,7,0,8,2,4,9,7,16,10,1,13,1,7,0,5,11,0,1,6
303,0,202,2,10,59,0,47,19,0,0,0,0,0,0,0,0,0,0,0,0,0,0,24
116,0,97,3,8,38,0,52,26,0,0,0,0,0,0,0,0,0,0,0,0,0,0,18
75,0,66,5,12,50,0,50,17,0,0,0,0,0,0,0,0,0,0,0,0,3,0,10
62,0,16,0,0,456,14,32,35,0,0,0,0,0,1,1,0,4,0,0,0,7,0,10
57,1,10,0,3,84,251,10,11,0,8,11,20,5,0,2,0,21,0,0,16,16,1,20
83,0,62,2,15,139,4,142,53,2,0,1,4,0,1,1,0,5,0,0,1,13,0,26
73,0,40,1,10,82,1,40,225,0,0,0,1,0,0,0,0,0,0,0,2,1,1,28
28,0,0,0,0,0,2,0,0,24,13,15,24,1,2,12,0,3,0,6,47,0,10,0
13,1,0,0,0,0,1,0,0,8,143,59,95,47,18,26,2,37,1,0,54,2,13,0
9,0,1,0,0,0,4,0,0,5,27,166,80,88,40,26,2,68,0,7,79,10,8,0
15,0,0,0,0,0,8,0,0,0,18,54,326,26,31,28,7,71,0,2,28,3,13,0
22,1,0,0,0,0,4,0,0,0,14,125,55,155,49,18,2,79,0,1,102,2,8,2
8,0,0,0,0,1,1,0,0,0,7,91,63,71,131,47,3,63,2,4,26,2,7,0
23,0,0,0,0,0,2,0,0,0,24,41,72,20,31,161,1,45,4,4,31,2,13,0
5,3,0,0,0,0,6,0,0,3,20,51,104,39,24,19,12,36,1,3,58,5,23,1
25,0,3,0,0,34,39,6,5,0,16,62,71,44,43,31,1,163,2,4,2,36,7,15
21,0,0,0,0,0,0,0,0,1,3,31,25,23,25,36,0,22,33,8,8,0,4,0
117,0,2,0,0,1,3,0,2,3,12,42,46,44,61,25,2,37,3,27,33,7,11,2
15,0,0,0,0,0,2,0,0,0,13,15,23,9,0,7,1,8,0,0,508,3,8,0
70,1,13,0,2,35,35,16,17,5,4,8,7,1,6,5,1,24,0,0,16,279,0,20
17,0,0,0,0,0,5,0,0,4,31,50,128,42,32,18,6,44,0,4,81,0,44,0
153,0,85,1,8,82,7,37,44,2,0,0,2,3,1,1,0,9,0,3,8,13,0,119
